59.2
60.25
37.75
59.2
60.25
37.75
59.2
60.25
37.75
59.2
60.25
37.75
59.2
60.25
37.75
59.2
60.25
37.75
59.2
60.25
37.75
59.2
60.25
37.75
59.2
60.25
37.75
53
60.25
37.75
53
60.25
37.75
53
60.25
37.75
53
60.25
37.75
53
60.25
37.75
53
60.25
37.75
53
60.25
37.75
53
60.25
37.75
53
60.25
37.75
53
60.25
37.75
53
60.25
37.75
53
60.25
37.75
53
60.25
37.75
51.2
60.25
37.75
51.2
60.25
37.75
51.2
60.25
37.75
51.2
60.25
37.75
51.2
60.25
37.75
51.2
60.25
37.75
51.2
60.25
37.75
51.2
60.25
37.75
51.2
60.25
37.75
51.2
60.25
37.75
51.2
60.25
37.75
51.2
60.25
37.75
51.2
60.25
37.75
51.2
60.25
37.75
51.2
60.25
37.75
51.2
60.25
37.75
51.2
60.25
37.75
51.2
60.25
37.75
51.2
60.25
37.75
51.2
60.25
37.75
51.2
60.25
37.75
51.2
60.25
37.75
51.2
60.25
37.75
51.2
60.25
37.75
53
60.25
37.75
53
60.25
37.75
51.2
60.25
37.75
51.2
60.25
37.75
53
60.25
37.75
53
60.25
37.75
51.2
60.25
37.75
53
60.25
37.75
53
60.25
37.75
53
60.25
37.75
51.2
60.25
37.75
53
60.25
37.75
53
60.25
37.75
53
60.25
37.75
51.2
60.25
37.75
54.2
60.25
37.75
51.6
60.25
37.75
51.6
60.25
37.75
53
60.25
37.75
53
60.25
37.75
53
60.25
37.75
53
60.25
37.75
53
60.25
37.75
53
60.25
37.75
53
60.25
37.75
53
60.25
37.75
53
60.25
37.75
53
60.25
37.75
51.2
60.25
37.75
12
51.4
61.75
41.5
51.4
58
41.5
51.4
61.75
41.5
53.8
57.5
41.5
53.8
57
41.5
53.8
62.75
41.5
53.8
57.5
41.5
53.8
62.75
41.5
53.8
62.75
41.5
53.8
57
41.5
53.8
66
41.5
53.8
61.25
41.5
53.8
61.75
41.5
53.8
66
41.5
53.8
61.75
41.5
51.4
56.5
41.5
51.4
58.5
41.5
53.8
62.75
41.5
53.8
57.5
41.5
53.8
57
41.5
51.4
56.5
41.5
53.8
57
41.5
53.8
56.5
41.5
51.4
58.5
41.5
51.4
59.5
41.5
53.8
58
41.5
53.8
63
40.5
51.4
59.5
41.5
51.4
56.5
41.5
42.8
59.5
41.5
51.4
58
41.5
53.8
57
41.5
53.8
61.75
41.5
51.4
58
41.5
53.8
58.5
41.5
51.4
56.5
41.5
51.4
61.75
41.5
53.8
62.75
41.5
53.8
66
41.5
53.8
58
41.5
51.4
59.5
41.5
51.4
61.25
41.5
51.4
56.5
41.5
51.4
62.75
41.5
51.4
61.75
41.5
53.8
56.5
41.5
51.4
58
41.5
51.4
66
41.5
51.4
62.75
41.5
51.4
56.5
41.5
51.4
62.75
41.5
51.4
61.75
41.5
53.8
61.75
41.5
51.4
56.5
41.5
53.8
57.5
41.5
53.8
59.5
41.5
51.4
58.5
41.5
51.4
59.5
41.5
53.8
61.75
41.5
51.4
61.25
41.5
53.8
58
41.5
51.4
57.5
41.5
51.4
61.25
41.5
51.4
58
41.5
53.8
59.5
41.5
53.8
61.25
41.5
53.8
62.75
41.5
53.8
58.5
41.5
53.8
62.75
41.5
53.8
58.5
41.5
51.4
62.75
41.5
53.8
62.75
41.5
53.8
56.5
41.5
53.8
61.25
49
53.8
57
41.5
51.4
58.5
41.5
53.8
58.5
49.25
53.8
58.5
41.5
51.4
58.5
41.5
51.4
56.5
41.5
53.8
57
49.5
51.4
61.75
49.25
51.4
61.75
41.5
53.8
62.75
41.5
51.4
62.75
41.5
42.8
57.5
41.5
51.4
56.5
41.5
53.8
58.5
41.5
51.4
62.75
47.25
51.4
56.5
41.5
53.8
57.5
49
51.4
59.5
41.5
53.8
61.25
41.5
51.4
57
57.25
51.4
58
49.25
51.4
62.75
49.25
53.8
56.5
41.5
51.4
58
41.5
53.8
59.5
41.5
12
57.8
63
40.5
57.8
63
40.5
57.8
63
40.5
57.8
63
40.5
57.8
63
40.5
57.8
63
40.5
57.8
63
40.5
57.8
63
40.5
57.8
63
40.5
57.8
63
40.5
57.8
63
40.5
57.8
63
40.5
57.8
63
40.5
57.8
63
40.5
57.8
63
40.5
57.8
63
40.5
57.8
63
40.5
57.8
63
40.5
57.8
63
40.5
57.8
63
40.5
49.2
63
40.5
57.8
63
40.5
57.8
63
40.5
49.2
63
40.5
51.4
63
40.5
42.8
63
40.5
53.8
60.25
41
53.8
60.25
41
51.4
60.25
41
42.8
59.75
41
53.8
59.75
41
42.8
60.25
41
51.4
61.25
41
53.8
59.75
41
42.8
59.75
41
53.8
61.25
41
51.4
59.75
41
53.8
61.25
41
53.8
59.75
41
53.8
60.25
41
40.8
61.25
41
51.4
64.5
41
51.4
56.5
41.5
51.4
56.5
41.5
51.4
57
41.5
53.8
61.75
41.5
53.8
61.25
41.5
53.8
66
41.5
51.4
58.5
41.5
51.4
56.5
41.5
53.8
61.25
41.5
51.4
56.5
41.5
51.4
57
41.5
53.8
58
41.5
51.4
61.75
41.5
51.4
58
41.5
51.4
57.5
41.5
53.8
59.5
41.5
53.8
59.5
41.5
51.4
56.5
41.5
53.8
61.25
41.5
53.8
57
41.5
53.8
61.75
41.5
53.8
66
41.5
51.4
57
41.5
53.8
57.5
41.5
51.4
56.5
41.5
53.8
56.5
41.5
53.8
57
41.5
51.4
66
41.5
53.8
58.5
41.5
42.8
61.25
41.5
42.8
57.5
41.5
51.4
57.5
41.5
51.4
57
41.5
12
51.8
63
40.5
51.8
0
0
0
0
0
0
0
0
0
